# Blender v2.91.0 OBJ File: 'Room.blend'
# www.blender.org
v -10.749558 28.517490 -19.639835
v -10.750071 28.517830 -19.648539
v -10.745108 28.238493 -19.659721
v -10.744596 28.238153 -19.651018
v -10.710369 28.143087 -19.656740
v -10.644862 28.144403 -19.660545
v -10.665154 28.179440 -19.657986
v -10.691337 28.178913 -19.656464
v -10.694269 28.343987 -19.649855
v -10.749722 28.526663 -19.639467
v -10.750234 28.527002 -19.648170
v -10.619514 28.520452 -19.656122
v -10.614550 28.241117 -19.667307
v -10.645374 28.144743 -19.669249
v -10.665667 28.179779 -19.666689
v -10.668599 28.344852 -19.660080
v -10.694781 28.344326 -19.658558
v -10.710882 28.143427 -19.665443
v -10.619000 28.520115 -19.647419
v -10.668087 28.344513 -19.651377
v -10.614038 28.240778 -19.658604
v -10.691849 28.179253 -19.665167
v -10.748808 28.516993 -19.627085
v -10.748971 28.526165 -19.626717
v -10.619677 28.529625 -19.655756
v -10.619164 28.529285 -19.647051
v -10.618250 28.519617 -19.634668
v -10.618413 28.528790 -19.634302
vt 0.772208 0.749609
vt 0.736317 0.411088
vt 0.736321 0.754206
vt 0.622726 0.273232
vt 0.462618 0.288171
vt 0.554057 0.304495
vt 0.772208 0.760876
vt 0.736321 0.765473
vt 0.316252 0.668209
vt 0.498508 0.486338
vt 0.589946 0.502662
vt 0.772203 0.406491
vt 0.658613 0.268635
vt 0.462621 0.490935
vt 0.393948 0.232389
vt 0.280361 0.329687
vt 0.429835 0.227792
vt 0.589944 0.299898
vt 0.554060 0.507259
vt 0.683748 0.772208
vt 0.280365 0.684073
vt 0.316252 0.679475
vt 0.280365 0.672806
vt 0.316247 0.325090
vt 0.498505 0.283574
vt 0.683748 0.760941
vt 0.227792 0.690807
vt 0.227792 0.679541
vn -0.9981 -0.0201 0.0580
vn 0.0589 -0.0389 0.9975
vn -0.9981 -0.0199 0.0579
vn -0.0587 0.0389 -0.9975
vn -0.9393 -0.3405 0.0421
vn 0.0588 -0.0389 0.9975
vn 0.0177 -0.9990 -0.0400
vn -0.0178 0.9991 0.0397
vn 0.9981 0.0201 -0.0580
vn -0.9981 -0.0198 0.0580
vn -0.0177 0.9991 0.0394
vn -0.0588 0.0390 -0.9975
vn 0.9981 0.0200 -0.0581
vn 0.9506 -0.3028 -0.0678
vn -0.0586 0.0389 -0.9975
vn 0.0178 -0.9990 -0.0401
vn 0.0178 -0.9990 -0.0398
vn -0.0177 0.9991 0.0398
vn 0.0588 -0.0388 0.9975
vn 0.9981 0.0198 -0.0580
vn -0.9981 -0.0200 0.0580
vn 0.0586 -0.0389 0.9975
vn 0.0587 -0.0389 0.9975
vn -0.0588 0.0389 -0.9975
vn -0.0590 0.0389 -0.9975
vn -0.9392 -0.3408 0.0420
vn 0.0584 -0.0389 0.9975
vn 0.0178 -0.9990 -0.0400
vn -0.0178 0.9990 0.0401
vn -0.9981 -0.0202 0.0579
vn -0.0177 0.9990 0.0405
vn -0.0588 0.0388 -0.9975
vn 0.9981 0.0201 -0.0579
vn 0.9507 -0.3026 -0.0677
vn -0.9981 -0.0201 0.0581
vn 0.0178 -0.9990 -0.0402
vn -0.0178 0.9990 0.0399
vn 0.0587 -0.0390 0.9975
vn 0.9981 0.0203 -0.0581
vn 0.9981 0.0200 -0.0580
s off
f 2/1/1 4/2/1 1/3/1
f 5/4/2 7/5/2 8/6/2
f 11/7/3 1/3/3 10/8/3
f 12/9/4 16/10/4 17/11/4
f 5/4/5 3/12/5 18/13/5
f 20/14/6 6/15/6 21/16/6
f 5/4/7 14/17/7 6/15/7
f 7/5/8 22/18/8 8/6/8
f 8/6/9 17/11/9 9/19/9
f 1/3/10 24/20/10 10/8/10
f 11/7/11 26/21/11 25/22/11
f 25/22/12 2/1/12 11/7/12
f 19/23/13 13/24/13 12/9/13
f 14/17/14 21/16/14 6/15/14
f 18/13/15 17/11/15 22/18/15
f 15/25/1 20/14/1 16/10/1
f 16/10/16 9/19/16 17/11/16
f 19/23/17 23/26/17 1/3/17
f 10/8/18 28/27/18 26/21/18
f 24/20/19 27/28/19 28/27/19
f 26/21/20 12/9/20 25/22/20
f 26/21/20 27/28/20 19/23/20
f 2/1/21 3/12/21 4/2/21
f 9/19/22 1/3/22 4/2/22
f 5/4/23 6/15/23 7/5/23
f 8/6/23 9/19/23 5/4/23
f 9/19/23 4/2/23 5/4/23
f 11/7/1 2/1/1 1/3/1
f 3/12/4 2/1/4 17/11/4
f 2/1/4 12/9/4 17/11/4
f 12/9/24 13/24/24 16/10/24
f 13/24/4 14/17/4 16/10/4
f 14/17/25 15/25/25 16/10/25
f 5/4/26 4/2/26 3/12/26
f 21/16/23 19/23/23 20/14/23
f 19/23/23 1/3/23 20/14/23
f 1/3/2 9/19/2 20/14/2
f 20/14/27 7/5/27 6/15/27
f 5/4/28 18/13/28 14/17/28
f 7/5/29 15/25/29 22/18/29
f 8/6/9 22/18/9 17/11/9
f 1/3/30 23/26/30 24/20/30
f 11/7/31 10/8/31 26/21/31
f 25/22/32 12/9/32 2/1/32
f 19/23/33 21/16/33 13/24/33
f 14/17/34 13/24/34 21/16/34
f 15/25/4 14/17/4 18/13/4
f 18/13/24 3/12/24 17/11/24
f 22/18/4 15/25/4 18/13/4
f 15/25/35 7/5/35 20/14/35
f 16/10/16 20/14/16 9/19/16
f 19/23/36 27/28/36 23/26/36
f 10/8/37 24/20/37 28/27/37
f 24/20/38 23/26/38 27/28/38
f 26/21/39 19/23/39 12/9/39
f 26/21/40 28/27/40 27/28/40
